camera_matrix:
- - 725.1063294605196
  - 0.0
  - 335.0552622773844
- - 0.0
  - 727.1942805562446
  - 277.6264723461254
- - 0.0
  - 0.0
  - 1.0
dist_coefs:
- - 0.06868004147769509
  - -0.35234803385204294
  - -0.0012282167517863817
  - -0.003678071707319868
  - -0.09787415700988317
rms: 0.9734577369253957
